150
265
488
774
912
1184
1250
1256
1316
1348
1640
1923
1925
2681
2899
2960
3341
3349
3372
3374
3419
3421
3423
3463
3907
4069
4071
4089
4095
4097
4347
4361
4367
4431
4457
4459
4519
4533
4563
4565
4567
4569
4575
4579
4587
4615
4693
4701
4705
5139
5158
5189
5249
5278
5280
5284
5308
5309
5311
5331
5335
5356
5383
5465
5467
5468
5469
5471
5475
5576
5712
5727
5728
5756
5884
5905
5960
6006
6007
6018
6247
6248
6258
6320
6321
6322
7292
7293
7300
7306
7369
7381
7386
7387
7388
7389
7390
7410
7411
7412
7413
7414
7515
7530
7562
7566
7585
7588
7600
7604
7607
7608
7654
7678
7701
7710
7712
7737
7738
7739
7743
7744
7745
7746
7756
7767
7778
7779
7780
7781
7794
7796
7797
7815
7816
7817
7818
7819
7829
7830
7836
7837
7838
7839
7840
7841
7843
7844
7845
7846
7847
7849
7850
7868
7869
7870
7872
7895
7897
7898
7899
7906
7929
7930
7932
7933
7938
7939
7946
7947
7948
7949
7950
7951
7953
7954
7956
7957
7958
7960
7963
7964
7965
7970
7971
7973
7988
7989
7990
8032
8033
8050
8051
8052
8083
8092
8093
8094
8095
8105
8106
8108
8110
8111
8112
8113
8115
8116
8117
8118
8119
8134
8148
8149
8153
8154
8155
8156
8157
8160
8161
8168
8174
8175
8176
8177
8180
8181
8182
8183
8184
8185
8186
8275
8281
8282
8283
8284
8290
8291
8292
8294
8295
8296
8297
8298
8299
8300
8302
8305
8306
8307
8308
8309
8310
8311
8312
8313
8314
8316
8321
8322
8323
8326
8327
8328
8347
8348
8349
8350
8351
8352
8353
8354
8355
8356
8357
8548
8549
8550
8564
8565
8566
8567
8568
8569
8570
8571
8589
8591
8592
8593
8594
8595
8608
8609
8610
8611
8612
8613
8656
8673
8674
8675
8680
8682
8683
8684
8685
8686
8687
8692
8693
8694
8695
8720
8733
8734
8736
8737
8742
8743
12330
12365
12366
12367
12371
12372
12399
12400
12401
12408
12409
12410
12411
12412
12414
12415
12416
12417
12426
12427
12428
12429
12430
12431
12434
12437
12438
12440
12441
12442
12443
12444
12445
12446
12448
12449
12450
12453
12454
12456
12457
12459
12461
12462
12463
12464
12470
12471
12472
12473
12474
12475
12476
12477
12479
12480
12481
12482
12483
12488
12491
12492
12496
12497
12499
12500
12501
12502
12503
12504
12505
12510
12532
12543
12544
12545
12546
12547
12548
12549
12551
12552
12553
12554
12555
12557
12558
12559
12563
12564
12565
12566
12567
12568
12569
12570
12574
12575
12576
12577
12578
12579
12580
12581
12582
12583
12584
12585
12591
12592
12593
12594
12595
12597
12598
12599
12600
12601
12602
12606
12607
12608
12616
12617
12618
12619
12620
12629
12630
12631
12632
12636